A1	950	-309	-35
A2	809	-587	-35
A3	871	-406	276
A4	710	-287	643
A5	673	-545	500
A6	634	-729	259
A7	587	-809	-35
A8	309	-950	-35
A9	341	-888	309
A10	360	-676	643
A11	375	-375	848
A12	0	-391	921
A13	0	-719	695
A14	0	-934	358
A15	0	-999	-35
A16	-309	-950	-35
A17	-341	-888	309
A18	-360	-676	643
A19	-375	-375	848
A20	-710	-287	643
A21	-673	-545	500
A22	-634	-729	259
A23	-587	-809	-35
A24	-533	-733	-423
A25	-809	-587	-35
A26	-871	-406	276
A27	-950	-309	-35
A28	-906	0	-423
A29	-999	0	-35
A30	-934	0	358
A31	-719	0	695
A32	-391	0	921
B1	999	0	-35
B2	950	309	-35
B3	809	587	-35
B4	871	406	276
B5	934	0	358
B6	719	0	695
B7	710	287	643
B8	673	545	500
B9	634	729	259
B10	587	809	-35
B11	309	950	-35
B12	341	888	309
B13	360	676	643
B14	375	375	848
B15	391	0	921
B16	0	0	1000
B17	0	391	921
B18	0	719	695
B19	0	934	358
B20	0	999	-35
B21	-309	950	-35
B22	-341	888	309
B23	-360	676	643
B24	-375	375	848
B25	-710	287	643
B26	-673	545	500
B27	-634	729	259
B28	-587	809	-35
B29	-533	733	-423
B30	-809	587	-35
B31	-871	406	276
B32	-950	309	-35